7 2 19 21 28 85 16 17 0 24 12 83 0 5 1 4 30 78 0 31 28 73 3 28 18 14 81 20 0 7 29 19 9 28 4 5 5 19 90 12 6 10 30 26 6 20 28 4 15 74 15 13 26 16 74 5 28 10 20 20 69 24 28 65
30 31 15 17 81 6 24 17 26 8 15 83 10 31 3 8 76 10 26 23 5 73 17 20 26 90 1 18 3 5 11 24 30 13 18 0 5 4 90 8 22 67 1 1 27 22 7 15 72 4 5 15 83 2 3 15 26 6 4 4 69 7 27 21
10 8 65 6 20 25 16 21 83 12 4 29 1 11 3 75 9 9 22 2 72 25 23 3 2 9 81 4 14 25 7 19 4 72 5 30 30 4 25 77 7 13 7 30 85 5 28 25 29 25 74 0 16 7 31 12 0 5 31 87 20 4 27 18
75 11 8 30 24 23 12 18 83 4 5 83 17 6 25 25 5 13 22 5 72 28 22 81 17 31 29 30 28 73 0 3 4 11 65 20 2 14 9 77 23 17 0 18 85 27 20 5 26 15 15 21 83 17 6 21 1 13 18 18 22 81 31 0
24 30 0 80 20 0 89 0 16 14 20 30 23 11 3 75 9 9 22 5 28 8 17 81 25 19 2 27 79 8 11 24 15 9 15 81 30 4 25 77 20 6 6 26 22 2 25 11 72 5 24 2 26 68 26 4 31 8 20 25 17 20 1 16
30 8 65 0 29 20 26 4 1 12 21 83 14 31 30 31 3 78 5 3 4 25 23 5 22 14 20 87 10 17 78 21 5 6 5 24 29 4 20 25 23 14 78 5 16 31 28 9 29 6 11 65 16 17 24 0 17 13 5 2 23 81 4 14
7 24 21 0 16 1 89 17 1 8 21 26 17 7 77 5 5 12 27 86 30 12 14 81 7 21 3 3 27 0 26 25 24 72 23 24 6 0 23 24 17 67 15 29 1 18 85 6 1 8 15 19 28 68 26 20 31 18 24 25 4 3 82 4
7 8 8 22 20 27 29 65 3 5 0 1 1 30 31 10 76 11 7 86 9 28 1 5 24 8 81 22 79 12 28 25 25 72 17 20 28 13 31 3 22 6 29 2 0 18 85 12 9 31 9 8 17 17 25 65 18 22 18 2 69 20 0 0
31 77 0 4 81 5 12 13 5 4 15 18 22 74 0 14 24 27 0 86 24 5 3 18 18 8 16 3 79 8 26 86 25 13 5 81 22 4 15 10 11 2 26 83 6 24 17 11 4 15 25 65 22 22 11 21 83 9 16 18 6 20 28 0
24 77 23 21 29 28 13 65 31 4 6 6 8 11 77 13 13 27 16 31 10 28 17 81 18 22 20 30 9 12 0 18 74 1 17 2 5 12 90 27 11 23 15 22 85 7 26 24 28 30 3 21 28 22 74 19 27 11 31 20 16 2 82 13
2 10 20 28 16 85 24 13 26 28 20 18 9 74 3 4 2 78 28 4 11 0 66 19 30 24 20 25 11 28 3 86 28 13 18 5 25 3 15 1 23 14 78 18 7 20 0 74 13 13 15 21 83 5 6 8 2 17 16 26 69 27 7 18
31 2 65 0 20 25 21 4 29 25 4 0 21 31 8 75 1 15 7 2 1 26 66 29 18 21 81 18 26 73 8 31 4 1 3 4 3 65 22 24 1 23 27 0 85 22 16 4 13 11 4 65 29 11 4 65 0 5 22 30 17 5 27 18
75 30 0 0 24 16 23 17 1 2 8 29 68 30 31 2 31 26 26 7 29 12 66 28 18 14 4 4 79 8 13 86 28 1 23 20 2 19 27 77 17 6 3 3 16 5 85 5 26 9 3 65 2 17 11 12 83 16 20 26 21 30 0 65
14 21 65 25 31 85 29 8 16 25 20 30 68 6 8 4 76 3 18 17 6 8 66 16 87 23 20 3 26 26 78 18 5 6 4 18 80 8 30 77 20 6 2 26 1 87 20 74 6 15 27 20 22 68 26 13 18 7 20 5 4 5 82 23
14 30 21 25 19 0 21 20 30 77 4 20 1 30 77 13 9 27 20 31 9 29 66 28 18 14 4 4 79 4 15 19 9 13 15 16 3 65 23 2 14 15 7 0 85 3 26 24 28 5 24 65 0 13 30 65 18 9 20 3 69 31 27 18
7 77 7 21 3 24 28 15 7 24 12 83 12 15 3 15 30 11 1 31 28 73 17 4 4 10 20 25 11 0 29 5 15 72 20 29 4 19 19 14 7 16 78 16 26 25 18 31 13 74 6 4 28 68 28 8 7 5 20 87 1 16 2 8
9 24 18 80 24 5 10 20 30 77 13 6 7 30 24 24 76 15 7 86 11 27 3 2 87 28 20 5 2 12 0 2 31 5 65 27 5 18 14 2 66 23 11 31 25 2 6 74 13 30 74 2 28 10 13 20 22 68 31 18 20 4 23 65
8 2 15 6 16 25 21 8 0 77 0 83 7 24 12 24 76 3 22 2 29 26 66 31 2 22 29 22 79 10 1 24 14 1 12 20 30 21 15 0 66 21 11 31 85 17 28 4 1 8 31 18 83 5 9 65 16 11 31 1 4 29 30 8
24 77 0 19 81 20 23 21 22 77 4 7 13 11 0 75 5 0 83 26 13 10 22 4 4 90 2 20 10 5 11 4 3 27 16 4 21 65 31 31 3 23 78 28 7 25 20 24 13 74 25 14 31 8 3 2 26 16 4 19 12 31 82 12
10 8 2 21 31 20 10 65 17 4 3 22 10 14 24 6 76 6 22 24 12 27 7 3 30 14 81 22 1 29 11 86 11 11 65 18 5 19 9 24 17 67 29 6 6 7 16 4 12 3 25 18 22 68 26 13 18 7 20 5 4 5 82 13
14 2 65 21 29 16 16 7 22 3 5 83 17 24 3 10 76 13 28 24 27 12 1 5 18 14 4 5 79 11 2 23 4 12 8 5 3 20 9 29 7 13 10 26 6 4 16 74 4 5 24 4 30 68 4 20 31 8 16 87 0 29 23 12
14 3 21 5 28 85 10 8 7 77 0 30 1 30 77 25 5 29 6 5 72 8 1 81 26 27 9 30 2 28 29 86 28 13 15 20 30 0 14 4 17 67 2 22 26 87 20 6 1 27 31 0 30 68 3 15 83 8 30 5 0 28 82 14
25 14 8 80 7 28 15 0 30 24 18 83 1 6 8 2 10 11 29 18 72 5 13 3 18 23 81 4 6 29 78 23 7 13 21 81 20 14 22 2 16 67 11 20 16 4 1 11 27 74 25 8 7 68 11 12 22 16 81 22 9 24 3 20
10 0 65 31 3 22 16 65 3 8 13 31 1 4 25 14 31 31 6 19 72 4 3 4 5 19 2 87 0 27 0 23 24 13 65 23 21 20 29 4 3 23 78 22 13 87 20 9 72 25 31 18 16 13 26 8 7 68 21 24 11 20 17 65
24 8 5 80 31 0 23 2 83 3 4 16 68 25 8 6 76 13 28 24 12 0 15 20 25 14 4 26 79 15 11 4 7 13 15 5 5 12 90 9 13 13 11 16 85 19 26 6 7 24 74 13 26 3 31 13 18 68 18 24 11 7 19 13
7 4 18 80 20 0 89 18 22 0 65 5 1 6 77 14 0 11 26 16 13 7 6 81 31 31 31 19 29 12 28 31 30 72 20 3 30 0 90 3 23 13 13 83 20 20 85 0 29 25 30 14 83 1 13 4 7 68 29 30 7 20 0 14
75 0 0 8 24 24 12 18 83 4 12 3 1 24 9 2 9 26 83 31 12 73 17 20 19 90 29 18 12 29 27 5 74 25 20 24 3 16 15 8 66 19 27 1 0 4 85 11 6 30 15 65 3 1 6 13 22 10 5 18 22 0 7 4
75 27 8 4 16 16 89 5 26 10 15 26 23 25 4 6 76 11 6 86 13 28 11 2 26 21 21 87 6 7 78 24 31 4 13 16 80 2 8 12 17 67 28 26 6 2 6 74 6 3 25 13 83 1 12 7 26 7 24 3 16 3 82 15
4 3 65 21 31 28 20 65 6 25 65 3 11 24 25 10 76 13 28 24 27 12 1 5 18 14 4 5 79 6 10 31 5 72 12 30 2 3 19 77 3 22 13 7 26 5 85 11 4 3 27 20 22 16 74 15 26 23 24 87 11 30 28 65
13 12 2 25 29 28 10 8 0 77 8 3 23 31 0 75 26 7 5 23 5 28 17 81 22 90 31 2 3 5 15 86 28 13 13 81 29 0 9 30 3 67 13 28 27 4 16 9 28 15 30 20 1 68 9 14 29 18 16 27 9 24 1 17
25 12 4 3 20 27 13 65 16 24 19 0 17 25 77 6 13 9 29 23 72 7 13 31 87 28 20 2 8 0 15 2 74 26 20 5 2 20 23 77 14 10 12 22 7 24 85 7 9 31 24 8 0 68 26 9 18 22 20 3 23 16 82 13
2 10 20 28 16 85 16 5 83 9 8 20 10 3 30 24 5 3 83 19 27 29 66 21 2 19 81 4 0 5 2 31 9 1 21 4 20 8 20 77 11 19 29 6 24 87 6 15 12 74 11 65 21 22 3 15 20 13 29 27 4 81 19 19
8 24 65 30 4 25 21 0 30 77 19 6 16 24 24 6 76 2 18 21 29 26 66 24 25 90 1 2 29 28 29 86 8 1 3 20 30 5 15 0 66 2 2 26 4 2 16 30 72 9 24 0 0 68 12 4 6 3 24 22 17 81 17 20
25 30 20 3 81 24 24 18 0 12 65 29 1 9 77 24 25 29 16 31 24 0 22 81 7 31 29 27 10 7 26 19 25 25 20 20 80 12 27 30 17 2 78 29 0 25 22 74 13 13 15 18 7 5 25 65 5 1 29 87 0 22 23 18
31 12 18 80 0 0 16 18 83 1 0 16 13 4 4 10 76 11 6 86 12 6 14 30 5 90 16 27 6 24 27 23 7 72 2 30 30 18 31 28 23 2 26 83 0 27 1 24 1 9 3 4 0 68 25 0 3 13 20 25 69 4 6 65
8 2 15 6 16 25 21 8 0 77 14 1 7 3 77 27 0 15 16 19 26 8 22 81 6 15 24 4 79 31 7 0 11 5 20 2 80 4 15 77 7 15 7 7 85 4 28 30 72 11 7 4 7 68 28 4 31 13 5 87 9 30 16 14
25 25 8 3 81 19 11 8 29 10 8 31 8 11 77 29 9 2 83 31 9 10 23 29 30 9 81 7 26 27 27 5 74 6 20 29 28 0 90 3 7 0 78 22 6 3 85 7 9 13 4 0 83 0 5 15 22 7 81 19 12 22 28 8
24 30 8 29 81 16 30 4 0 25 0 0 68 6 12 8 25 29 83 7 29 0 17 81 1 27 3 30 26 26 78 31 26 27 20 28 80 7 27 14 11 15 7 0 28 4 85 11 72 4 11 12 83 5 30 65 23 13 16 26 69 21 29 13
4 31 65 5 5 85 31 4 6 10 8 18 16 74 12 7 5 31 6 19 28 73 22 20 26 10 4 4 14 5 7 7 31 9 12 81 3 4 23 77 3 22 9 6 16 87 20 6 1 27 31 0 30 68 27 20 26 23 81 5 12 2 7 18
75 8 20 80 23 20 12 2 26 15 20 0 68 25 24 24 15 7 3 31 28 73 16 24 4 15 2 87 2 6 28 20 3 72 4 29 21 12 31 3 22 22 3 83 24 22 0 24 1 25 74 4 20 1 30 65 26 9 1 18 23 21 27 4
31 77 4 28 20 24 28 15 7 24 12 83 18 15 1 2 24 78 29 31 27 5 66 20 27 31 24 17 10 7 10 86 7 9 18 2 17 65 15 25 66 6 27 26 6 26 26 14 72 15 24 0 7 68 31 19 29 5 81 4 12 5 82 0
6 8 21 80 20 27 16 12 83 11 20 0 7 15 77 2 2 78 29 3 4 5 3 81 18 15 81 25 6 26 7 86 26 13 13 29 21 15 14 8 17 18 27 22 85 30 27 30 13 24 14 20 30 68 27 20 26 23 0 2 0 81 17 20
25 30 20 3 81 4 12 0 30 77 20 7 68 30 2 25 24 1 1 86 13 28 11 2 26 21 21 87 10 14 11 2 74 28 8 31 19 8 30 24 12 23 78 30 20 2 7 3 27 74 14 8 20 10 3 18 0 13 28 87 19 24 4 0
6 24 18 80 5 7 16 18 7 4 16 6 1 74 27 2 24 15 22 86 13 26 22 81 27 21 19 24 29 29 7 5 74 30 4 25 25 2 15 1 3 67 3 18 16 20 16 4 9 25 74 7 26 10 3 3 6 23 81 4 4 1 27 4
5 77 21 5 3 5 16 18 83 30 8 7 68 11 0 14 24 78 30 25 4 5 11 2 87 21 21 30 0 73 1 4 4 9 19 20 80 4 15 77 11 13 78 0 28 3 85 11 5 15 30 65 28 0 3 14 83 20 30 4 16 20 0 4
75 25 4 29 1 0 10 65 30 12 6 29 5 74 8 30 76 10 26 21 28 28 15 81 3 21 3 3 0 27 78 24 31 4 13 16 80 15 31 14 66 6 28 18 1 87 27 3 10 2 74 17 22 8 6 4 29 16 20 4 20 4 23 65
31 31 8 3 5 28 8 20 22 77 5 6 13 74 30 2 24 78 18 27 13 29 66 1 24 8 5 3 6 29 1 4 74 11 14 31 3 4 11 24 3 23 78 3 7 24 28 4 72 9 5 15 5 5 6 13 26 23 81 18 23 16 6 65
24 8 5 80 16 25 16 16 6 12 12 83 13 11 14 30 0 7 0 86 9 12 12 20 22 20 81 22 29 10 27 86 6 13 2 5 5 18 90 27 13 15 27 7 5 22 1 74 9 31 9 21 28 22 74 13 18 7 24 25 12 16 82 0
31 77 21 21 28 5 12 18 83 8 20 83 10 31 3 8 76 29 6 5 24 12 12 21 30 9 2 18 79 25 1 2 15 6 21 24 80 12 27 8 1 6 0 18 6 87 1 15 5 26 5 19 83 13 26 18 6 9 81 18 16 81 31 0
12 3 0 80 4 25 13 19 26 14 8 22 23 74 4 15 76 3 18 14 1 4 23 2 87 27 3 20 26 73 27 26 6 9 12 18 31 19 10 8 16 67 7 29 85 18 0 3 27 7 5 5 83 10 31 13 31 5 81 7 16 3 7 18
75 8 6 21 5 85 10 20 0 14 8 3 13 30 77 15 25 7 83 21 7 7 17 20 20 14 20 3 26 27 78 23 30 72 4 5 25 0 23 77 13 17 0 18 7 18 85 7 9 6 15 18 6 5 14 0 83 13 28 7 0 3 22 8
